-2.302910465287885122e-01
-2.425659701011833036e-01
-2.514533267039915643e-01
-2.438909718990161790e-01
-2.324080408406664355e-01
-2.342636660981658736e-01
-2.454463876941955225e-01
-2.247140613320472435e-01
-2.380731802168066791e-01
-2.266988850313721993e-01
-2.255835729111875798e-01
-2.213649708311295761e-01
-2.305370492583176667e-01
-2.474908772154026659e-01
-2.258680521093855698e-01
-2.256120208310073705e-01
-2.261786742786759397e-01
-2.446417179621497850e-01
-2.144136094085525857e-01
-2.458009858589429442e-01
-2.422995665535317977e-01
-2.130548219148995781e-01
-2.257569090992580241e-01
-2.089011021196331419e-01
-2.379747750812253315e-01
-2.300453066442897099e-01
-2.205109266710810201e-01
-2.242791134634164463e-01
-2.587334061652538653e-01
-2.478351637674222341e-01
-2.129100953974368271e-01
-2.562228721864445169e-01
-2.602756999277658356e-01
-2.285390428697798293e-01
-2.066546465208993766e-01
-2.186166429752763596e-01
-2.616836394420882783e-01
-2.372734438837915127e-01
-2.300427388505319748e-01
-2.493621316427817591e-01
-2.462824572979400162e-01
-2.221284547688093525e-01
-2.384872015772544485e-01
-2.408346705430242651e-01
-2.262149064551628730e-01
-2.264867084353601179e-01
-2.349469620827501770e-01
-1.914475451033682274e-01
-2.307570303298453196e-01
-2.230679235637112456e-01
-2.441783221736991971e-01
-2.484201557106676117e-01
-2.281067032326037358e-01
-2.325840863544340331e-01
-2.382595171244536181e-01
-1.909144145064894382e-01
-2.278817281055000310e-01
-2.076174478669541301e-01
-1.377904414896512775e-01
1.010677355196242660e-01
7.581303909776435646e-01
2.227049871458481878e+00
4.454795594806457260e+00
5.947972436569886945e+00
5.980193193517172823e+00
4.447521014871983702e+00
2.177473901973966619e+00
7.919815958668405820e-01
1.870077488208733985e-01
-4.663793322803005265e-02
-1.661445660713237460e-01
-2.082464158056565318e-01
-2.296465505144488495e-01
-2.210414288176566489e-01
-2.373537935876748606e-01
-2.296336913268117452e-01
-2.352369205888878712e-01
-2.407647133272627082e-01
-2.053736611562204939e-01
-2.354698012857495970e-01
-2.218954729777051771e-01
-2.227418946318745208e-01
-2.493930866998138318e-01
-2.369007700684976070e-01
-2.326591993765595168e-01
-2.196465304606076419e-01
-2.525014718095056621e-01
-2.001148801969518665e-01
-2.157696875765084676e-01
-2.203325155520405865e-01
-2.484614021615790536e-01
-2.580345416673353598e-01
-2.389143045326726777e-01
-2.188286578205005384e-01
-2.297218252873622080e-01
-2.415100609578505475e-01
-2.306430768997782266e-01
-2.417948838764727992e-01
-2.475737340564982680e-01
-2.211917357373015536e-01
-2.326201972178300048e-01
-2.482310488207780663e-01
-2.148122644441509965e-01
-2.095299083075476965e-01
-2.428404207505322210e-01
-2.362719638805830802e-01
-2.484976949946114122e-01
-2.505242706160599742e-01
-2.380084394639545020e-01
-2.279360561513819050e-01
-2.386347991712022276e-01
-2.168565922145702651e-01
-2.108733092575028334e-01
-2.691525427293613437e-01
-2.465282376201358150e-01
-2.523487992845879213e-01
-2.505163448274534410e-01
-2.466500561822639603e-01
-2.439246362817453773e-01
-2.590723145035762065e-01
-2.318077230102686681e-01
-2.261630855464932532e-01
-2.415205747590632446e-01
-2.148715663267604381e-01
-2.293800054348579531e-01
-2.330863023319777183e-01
-1.969962441310776080e-01
-2.267766265038008433e-01
